10011011001;0110,1001,1001,0,10,11

1101001001110111010101001110011111110000111010110111001111001011010111;1110,000101,000,000,100,10010,00,110000

01110011010101100110010011111000000110100101000001111001000101011111101110;010101,10111,000000,110,011010,01,011,1111,001110,10

1011000000001111100100001100100100001010110011100110100100011111011111100010;01,01110,10111,0000,10,011101,111,010000

0011111011110000110011101001100010101001111011101000001110101011001101010001101;1001,011,100100,110000,111,0111,01,001001,100101,000

0011110001011110010100100001010001001000100101010111111101011100100101010011;011,11010,101,01010,11100,01

11110011011101000010010001111011011011111110100100001010001011010110000010101000;101101,01,11,110,1010,1111

10100101101110011000;10,111,00,10,010,00

101100000011011110000101111101101101001011011010000100001011111100001010000;100010,0110,110010,00011,110000,10,10010,110000,1100,01

11101011010101011011010001011010000010011110101011100001011010011100001001;1101,1000,10111,10001,001100,01,000000,01010,101001,1101

101001010000010111001100000100110010000100111111100000110010100001;111,00,0000,1101,11,00100

0000100001101100101001000010100010111100011110000011111110101111101101;10101,010000,11001,10100,01,101,100101,00111,011001,1001

0100000010010000111111010100011101001001110100100000101010011001100010001111011;000,00011,011,0100,01110,100

000011000111110010010011111001000111101110011011110111110011001100;00,10110,1110,10100,111,10010

1001111001101100001000011000110011010000111111110001001100100000010001111110;00,11110,00,0000,1111,000,001001,00,0001,001111

0101101001001111000011111111100010100000000010100000001011011111101100;1011,01,0101,010011,100,01001

111100101001110111010001100001011111110101111100000011001100000101101;100010,111100,11001,1101,101010,1001,01,1110

101101111111011100000011111101010100011010000100011000110000010101;11,10011,0000,110,10,0101,011,00

0110100100101101110001100010011010010110011010010011100000000001001111111010;10,01001,0001,010,100,1010,01,1100

1101010010010110010101001010100101110100001110010011110011101000011001101;1111,01,0111,000,111,1001,01000,1011

01101100110111001110110010000101010001000101001001101010000101011001001011000;001,01,100011,0101,01,0011,10010,01,00,10111

10010111010001100010101000110000111110011111101010011100110000110011010;110101,1010,110010,000,101010,000101,110,001